5 0.6546875 0.175 0.0765625 0.1046875
5 0.35703125 0.2921875 0.06171875 0.109375
4 0.075 0.29296875 0.015625 0.0546875
4 0.94765625 0.3859375 0.0296875 0.08359375
4 0.02734375 0.40859375 0.01796875 0.0796875
5 0.67109375 0.421875 0.1046875 0.1734375
4 0.76875 0.42265625 0.02421875 0.071875
4 0.78828125 0.4296875 0.021875 0.06015625
4 0.7578125 0.45 0.01796875 0.03046875
4 0.80625 0.4625 0.025 0.05859375
4 0.4765625 0.62578125 0.02421875 0.1125
4 0.4515625 0.628125 0.02265625 0.1078125
4 0.4359375 0.63125 0.02578125 0.11484375
4 0.396875 0.659375 0.02421875 0.10859375
3 0.1890625 0.7203125 0.16015625 0.38671875
4 0.26796875 0.7734375 0.03046875 0.1265625
0 0.17265625 0.8625 0.07109375 0.09375
0 0.30703125 0.21484375 0.03671875 0.03359375
3 0.2484375 0.25703125 0.15703125 0.16875
4 0.23359375 0.27578125 0.0171875 0.02890625
4 0.27265625 0.13984375 0.0171875 0.04453125
5 0.1578125 0.53125 0.25078125 0.1609375