3 0.653125 0.575 0.33828125 0.35078125
4 0.89765625 0.684375 0.0359375 0.11171875
4 0.975 0.7015625 0.03515625 0.09921875
4 0.596875 0.74921875 0.02890625 0.13203125
4 0.61796875 0.7703125 0.0375 0.12734375
4 0.6671875 0.78203125 0.046875 0.12578125
4 0.47109375 0.8046875 0.03515625 0.1234375
4 0.2546875 0.8171875 0.02890625 0.0703125
4 0.49609375 0.83203125 0.04609375 0.13515625
4 0.31640625 0.85859375 0.0515625 0.121875
4 0.26171875 0.896875 0.04765625 0.13671875
4 0.09296875 0.91640625 0.06015625 0.16328125
6 0.2953125 0.66484375 0.259375 0.16484375